11 86
11 86
11 86
11 87
11 87
11 87
11 88
11 88
11 88
11 89
11 89
11 89
11 90
11 90
11 90
11 91
11 91
11 91
11 92
11 92
11 92
11 93
11 93
11 93
12 79
12 79
12 79
12 80
12 80
12 80
12 81
12 81
12 81
12 82
12 82
12 82
12 83
12 83
12 83
12 84
12 84
12 84
12 85
12 85
12 85
12 86
12 86
12 86
12 87
12 87
12 87
12 88
12 88
12 88
12 89
12 89
12 89
12 90
12 90
12 90
12 91
12 91
12 91
12 92
12 92
12 92
12 93
12 93
12 93
12 94
12 94
12 94
12 95
12 95
12 95
12 96
12 96
12 96
12 97
12 97
12 97
12 98
12 98
12 98
12 99
12 99
12 99
12 100
12 100
12 100
13 75
13 75
13 75
13 76
13 76
13 76
13 77
13 77
13 77
13 78
13 78
13 78
13 79
13 79
13 79
13 80
13 80
13 80
13 81
13 81
13 81
13 82
13 82
13 82
13 90
13 90
13 90
13 97
13 97
13 97
13 98
13 98
13 98
13 99
13 99
13 99
13 100
13 100
13 100
13 101
13 101
13 101
13 102
13 102
13 102
13 103
13 103
13 103
13 104
13 104
13 104
14 73
14 73
14 73
14 74
14 74
14 74
14 75
14 75
14 75
14 76
14 76
14 76
14 77
14 77
14 77
14 90
14 90
14 90
14 102
14 102
14 102
14 103
14 103
14 103
14 104
14 104
14 104
14 105
14 105
14 105
14 106
14 106
14 106
15 69
15 69
15 69
15 70
15 70
15 70
15 71
15 71
15 71
15 72
15 72
15 72
15 73
15 73
15 73
15 90
15 90
15 90
15 107
15 107
15 107
15 108
15 108
15 108
15 109
15 109
15 109
15 110
15 110
15 110
16 67
16 67
16 67
16 68
16 68
16 68
16 69
16 69
16 69
16 70
16 70
16 70
16 90
16 90
16 90
16 109
16 109
16 109
16 110
16 110
16 110
16 111
16 111
16 111
16 112
16 112
16 112
17 65
17 65
17 65
17 66
17 66
17 66
17 67
17 67
17 67
17 68
17 68
17 68
17 90
17 90
17 90
17 111
17 111
17 111
17 112
17 112
17 112
17 113
17 113
17 113
17 114
17 114
17 114
18 63
18 63
18 63
18 64
18 64
18 64
18 65
18 65
18 65
18 90
18 90
18 90
18 114
18 114
18 114
18 115
18 115
18 115
18 116
18 116
18 116
19 61
19 61
19 61
19 62
19 62
19 62
19 63
19 63
19 63
19 90
19 90
19 90
19 116
19 116
19 116
19 117
19 117
19 117
19 118
19 118
19 118
20 59
20 59
20 59
20 60
20 60
20 60
20 61
20 61
20 61
20 62
20 62
20 62
20 90
20 90
20 90
20 117
20 117
20 117
20 118
20 118
20 118
20 119
20 119
20 119
20 120
20 120
20 120
21 58
21 58
21 58
21 59
21 59
21 59
21 60
21 60
21 60
21 90
21 90
21 90
21 119
21 119
21 119
21 120
21 120
21 120
21 121
21 121
21 121
22 57
22 57
22 57
22 58
22 58
22 58
22 90
22 90
22 90
22 121
22 121
22 121
22 122
22 122
22 122
23 55
23 55
23 55
23 56
23 56
23 56
23 57
23 57
23 57
23 90
23 90
23 90
23 122
23 122
23 122
23 123
23 123
23 123
23 124
23 124
23 124
24 54
24 54
24 54
24 55
24 55
24 55
24 56
24 56
24 56
24 90
24 90
24 90
24 123
24 123
24 123
24 124
24 124
24 124
24 125
24 125
24 125
25 53
25 53
25 53
25 54
25 54
25 54
25 90
25 90
25 90
25 125
25 125
25 125
25 126
25 126
25 126
26 52
26 52
26 52
26 53
26 53
26 53
26 90
26 90
26 90
26 126
26 126
26 126
26 127
26 127
26 127
27 51
27 51
27 51
27 52
27 52
27 52
27 90
27 90
27 90
27 128
27 128
27 128
28 50
28 50
28 50
28 51
28 51
28 51
28 90
28 90
28 90
28 128
28 128
28 128
28 129
28 129
28 129
29 49
29 49
29 49
29 50
29 50
29 50
29 90
29 90
29 90
29 129
29 129
29 129
29 130
29 130
29 130
30 48
30 48
30 48
30 49
30 49
30 49
30 90
30 90
30 90
30 130
30 130
30 130
30 131
30 131
30 131
31 47
31 47
31 47
31 48
31 48
31 48
31 90
31 90
31 90
31 131
31 131
31 131
31 132
31 132
31 132
32 46
32 46
32 46
32 47
32 47
32 47
32 90
32 90
32 90
32 132
32 132
32 132
32 133
32 133
32 133
33 45
33 45
33 45
33 46
33 46
33 46
33 47
33 47
33 47
33 90
33 90
33 90
33 133
33 133
33 133
33 134
33 134
33 134
34 45
34 45
34 45
34 46
34 46
34 46
34 90
34 90
34 90
34 133
34 133
34 133
34 134
34 134
34 134
35 44
35 44
35 44
35 45
35 45
35 45
35 90
35 90
35 90
35 134
35 134
35 134
35 135
35 135
35 135
36 43
36 43
36 43
36 44
36 44
36 44
36 90
36 90
36 90
36 135
36 135
36 135
36 136
36 136
36 136
37 43
37 43
37 43
37 44
37 44
37 44
37 90
37 90
37 90
37 135
37 135
37 135
37 136
37 136
37 136
38 42
38 42
38 42
38 43
38 43
38 43
38 90
38 90
38 90
38 136
38 136
38 136
38 137
38 137
38 137
39 41
39 41
39 41
39 42
39 42
39 42
39 90
39 90
39 90
39 137
39 137
39 137
39 138
39 138
39 138
40 41
40 41
40 41
40 42
40 42
40 42
40 90
40 90
40 90
40 137
40 137
40 137
40 138
40 138
40 138
41 40
41 40
41 40
41 41
41 41
41 41
41 90
41 90
41 90
41 138
41 138
41 138
41 139
41 139
41 139
42 40
42 40
42 40
42 41
42 41
42 41
42 90
42 90
42 90
42 138
42 138
42 138
42 139
42 139
42 139
43 39
43 39
43 39
43 40
43 40
43 40
43 90
43 90
43 90
43 139
43 139
43 139
43 140
43 140
43 140
44 39
44 39
44 39
44 40
44 40
44 40
44 90
44 90
44 90
44 139
44 139
44 139
44 140
44 140
44 140
45 38
45 38
45 38
45 39
45 39
45 39
45 90
45 90
45 90
45 140
45 140
45 140
45 141
45 141
45 141
46 38
46 38
46 38
46 39
46 39
46 39
46 90
46 90
46 90
46 141
46 141
46 141
47 38
47 38
47 38
47 90
47 90
47 90
47 141
47 141
47 141
48 37
48 37
48 37
48 38
48 38
48 38
48 90
48 90
48 90
48 141
48 141
48 141
48 142
48 142
48 142
49 37
49 37
49 37
49 38
49 38
49 38
49 90
49 90
49 90
49 141
49 141
49 141
49 142
49 142
49 142
50 37
50 37
50 37
50 90
50 90
50 90
50 142
50 142
50 142
51 36
51 36
51 36
51 37
51 37
51 37
51 90
51 90
51 90
51 142
51 142
51 142
51 143
51 143
51 143
52 36
52 36
52 36
52 37
52 37
52 37
52 90
52 90
52 90
52 142
52 142
52 142
52 143
52 143
52 143
53 36
53 36
53 36
53 90
53 90
53 90
53 143
53 143
53 143
54 35
54 35
54 35
54 36
54 36
54 36
54 90
54 90
54 90
54 143
54 143
54 143
54 144
54 144
54 144
55 36
55 36
55 36
55 90
55 90
55 90
55 143
55 143
55 143
56 35
56 35
56 35
56 90
56 90
56 90
56 144
56 144
56 144
57 35
57 35
57 35
57 36
57 36
57 36
57 90
57 90
57 90
57 143
57 143
57 143
57 144
57 144
57 144
58 35
58 35
58 35
58 90
58 90
58 90
58 144
58 144
58 144
59 35
59 35
59 35
59 90
59 90
59 90
59 144
59 144
59 144
60 34
60 34
60 34
60 35
60 35
60 35
60 90
60 90
60 90
60 144
60 144
60 144
60 145
60 145
60 145
61 34
61 34
61 34
61 35
61 35
61 35
61 90
61 90
61 90
61 144
61 144
61 144
61 145
61 145
61 145
62 34
62 34
62 34
62 90
62 90
62 90
62 144
62 144
62 144
62 145
62 145
62 145
63 34
63 34
63 34
63 35
63 35
63 35
63 90
63 90
63 90
63 144
63 144
63 144
63 145
63 145
63 145
64 34
64 34
64 34
64 35
64 35
64 35
64 90
64 90
64 90
64 144
64 144
64 144
64 145
64 145
64 145
65 34
65 34
65 34
65 35
65 35
65 35
65 90
65 90
65 90
65 144
65 144
65 144
65 145
65 145
65 145
66 34
66 34
66 34
66 35
66 35
66 35
66 90
66 90
66 90
66 144
66 144
66 144
66 145
66 145
66 145
67 34
67 34
67 34
67 35
67 35
67 35
67 36
67 36
67 36
67 37
67 37
67 37
67 38
67 38
67 38
67 39
67 39
67 39
67 40
67 40
67 40
67 41
67 41
67 41
67 42
67 42
67 42
67 43
67 43
67 43
67 44
67 44
67 44
67 45
67 45
67 45
67 46
67 46
67 46
67 47
67 47
67 47
67 48
67 48
67 48
67 49
67 49
67 49
67 50
67 50
67 50
67 51
67 51
67 51
67 52
67 52
67 52
67 53
67 53
67 53
67 54
67 54
67 54
67 55
67 55
67 55
67 56
67 56
67 56
67 57
67 57
67 57
67 58
67 58
67 58
67 59
67 59
67 59
67 60
67 60
67 60
67 61
67 61
67 61
67 62
67 62
67 62
67 63
67 63
67 63
67 64
67 64
67 64
67 65
67 65
67 65
67 66
67 66
67 66
67 67
67 67
67 67
67 68
67 68
67 68
67 69
67 69
67 69
67 70
67 70
67 70
67 71
67 71
67 71
67 72
67 72
67 72
67 73
67 73
67 73
67 74
67 74
67 74
67 75
67 75
67 75
67 76
67 76
67 76
67 77
67 77
67 77
67 78
67 78
67 78
67 79
67 79
67 79
67 80
67 80
67 80
67 81
67 81
67 81
67 82
67 82
67 82
67 83
67 83
67 83
67 84
67 84
67 84
67 85
67 85
67 85
67 86
67 86
67 86
67 87
67 87
67 87
67 88
67 88
67 88
67 89
67 89
67 89
67 90
67 90
67 90
67 91
67 91
67 91
67 92
67 92
67 92
67 93
67 93
67 93
67 94
67 94
67 94
67 95
67 95
67 95
67 96
67 96
67 96
67 97
67 97
67 97
67 98
67 98
67 98
67 99
67 99
67 99
67 100
67 100
67 100
67 101
67 101
67 101
67 102
67 102
67 102
67 103
67 103
67 103
67 104
67 104
67 104
67 105
67 105
67 105
67 106
67 106
67 106
67 107
67 107
67 107
67 108
67 108
67 108
67 109
67 109
67 109
67 110
67 110
67 110
67 111
67 111
67 111
67 112
67 112
67 112
67 113
67 113
67 113
67 114
67 114
67 114
67 115
67 115
67 115
67 116
67 116
67 116
67 117
67 117
67 117
67 118
67 118
67 118
67 119
67 119
67 119
67 120
67 120
67 120
67 121
67 121
67 121
67 122
67 122
67 122
67 123
67 123
67 123
67 124
67 124
67 124
67 125
67 125
67 125
67 126
67 126
67 126
67 127
67 127
67 127
67 128
67 128
67 128
67 129
67 129
67 129
67 130
67 130
67 130
67 131
67 131
67 131
67 132
67 132
67 132
67 133
67 133
67 133
67 134
67 134
67 134
67 135
67 135
67 135
67 136
67 136
67 136
67 137
67 137
67 137
67 138
67 138
67 138
67 139
67 139
67 139
67 140
67 140
67 140
67 141
67 141
67 141
67 142
67 142
67 142
67 143
67 143
67 143
67 144
67 144
67 144
67 145
67 145
67 145
68 34
68 34
68 34
68 35
68 35
68 35
68 90
68 90
68 90
68 144
68 144
68 144
68 145
68 145
68 145
69 34
69 34
69 34
69 35
69 35
69 35
69 90
69 90
69 90
69 144
69 144
69 144
69 145
69 145
69 145
70 34
70 34
70 34
70 35
70 35
70 35
70 90
70 90
70 90
70 144
70 144
70 144
70 145
70 145
70 145
71 34
71 34
71 34
71 35
71 35
71 35
71 90
71 90
71 90
71 144
71 144
71 144
71 145
71 145
71 145
72 34
72 34
72 34
72 90
72 90
72 90
72 145
72 145
72 145
73 34
73 34
73 34
73 35
73 35
73 35
73 90
73 90
73 90
73 144
73 144
73 144
73 145
73 145
73 145
74 34
74 34
74 34
74 35
74 35
74 35
74 90
74 90
74 90
74 144
74 144
74 144
74 145
74 145
74 145
75 35
75 35
75 35
75 90
75 90
75 90
75 144
75 144
75 144
76 35
76 35
76 35
76 90
76 90
76 90
76 144
76 144
76 144
77 35
77 35
77 35
77 36
77 36
77 36
77 90
77 90
77 90
77 143
77 143
77 143
77 144
77 144
77 144
78 35
78 35
78 35
78 90
78 90
78 90
78 144
78 144
78 144
79 36
79 36
79 36
79 90
79 90
79 90
79 143
79 143
79 143
80 35
80 35
80 35
80 36
80 36
80 36
80 90
80 90
80 90
80 143
80 143
80 143
80 144
80 144
80 144
81 36
81 36
81 36
81 90
81 90
81 90
81 143
81 143
81 143
82 36
82 36
82 36
82 37
82 37
82 37
82 90
82 90
82 90
82 142
82 142
82 142
82 143
82 143
82 143
83 36
83 36
83 36
83 37
83 37
83 37
83 90
83 90
83 90
83 142
83 142
83 142
83 143
83 143
83 143
84 37
84 37
84 37
84 90
84 90
84 90
84 142
84 142
84 142
85 37
85 37
85 37
85 38
85 38
85 38
85 90
85 90
85 90
85 141
85 141
85 141
85 142
85 142
85 142
86 37
86 37
86 37
86 38
86 38
86 38
86 90
86 90
86 90
86 141
86 141
86 141
86 142
86 142
86 142
87 38
87 38
87 38
87 39
87 39
87 39
87 90
87 90
87 90
87 140
87 140
87 140
87 141
87 141
87 141
88 38
88 38
88 38
88 39
88 39
88 39
88 90
88 90
88 90
88 140
88 140
88 140
88 141
88 141
88 141
89 38
89 38
89 38
89 39
89 39
89 39
89 90
89 90
89 90
89 140
89 140
89 140
89 141
89 141
89 141
90 39
90 39
90 39
90 40
90 40
90 40
90 90
90 90
90 90
90 139
90 139
90 139
90 140
90 140
90 140
91 39
91 39
91 39
91 40
91 40
91 40
91 90
91 90
91 90
91 139
91 139
91 139
91 140
91 140
91 140
92 40
92 40
92 40
92 41
92 41
92 41
92 90
92 90
92 90
92 138
92 138
92 138
92 139
92 139
92 139
93 40
93 40
93 40
93 41
93 41
93 41
93 90
93 90
93 90
93 138
93 138
93 138
93 139
93 139
93 139
94 41
94 41
94 41
94 42
94 42
94 42
94 90
94 90
94 90
94 137
94 137
94 137
94 138
94 138
94 138
95 42
95 42
95 42
95 90
95 90
95 90
95 137
95 137
95 137
96 42
96 42
96 42
96 43
96 43
96 43
96 90
96 90
96 90
96 136
96 136
96 136
96 137
96 137
96 137
97 43
97 43
97 43
97 44
97 44
97 44
97 90
97 90
97 90
97 135
97 135
97 135
97 136
97 136
97 136
98 43
98 43
98 43
98 44
98 44
98 44
98 90
98 90
98 90
98 135
98 135
98 135
98 136
98 136
98 136
99 44
99 44
99 44
99 45
99 45
99 45
99 90
99 90
99 90
99 134
99 134
99 134
99 135
99 135
99 135
100 45
100 45
100 45
100 46
100 46
100 46
100 90
100 90
100 90
100 133
100 133
100 133
100 134
100 134
100 134
101 46
101 46
101 46
101 47
101 47
101 47
101 90
101 90
101 90
101 132
101 132
101 132
101 133
101 133
101 133
102 46
102 46
102 46
102 47
102 47
102 47
102 90
102 90
102 90
102 132
102 132
102 132
102 133
102 133
102 133
103 47
103 47
103 47
103 48
103 48
103 48
103 90
103 90
103 90
103 131
103 131
103 131
103 132
103 132
103 132
104 48
104 48
104 48
104 49
104 49
104 49
104 90
104 90
104 90
104 130
104 130
104 130
104 131
104 131
104 131
105 49
105 49
105 49
105 50
105 50
105 50
105 90
105 90
105 90
105 129
105 129
105 129
105 130
105 130
105 130
106 50
106 50
106 50
106 51
106 51
106 51
106 90
106 90
106 90
106 128
106 128
106 128
106 129
106 129
106 129
107 51
107 51
107 51
107 52
107 52
107 52
107 90
107 90
107 90
107 127
107 127
107 127
107 128
107 128
107 128
108 52
108 52
108 52
108 53
108 53
108 53
108 90
108 90
108 90
108 126
108 126
108 126
108 127
108 127
108 127
109 53
109 53
109 53
109 54
109 54
109 54
109 90
109 90
109 90
109 125
109 125
109 125
109 126
109 126
109 126
110 54
110 54
110 54
110 55
110 55
110 55
110 56
110 56
110 56
110 90
110 90
110 90
110 123
110 123
110 123
110 124
110 124
110 124
110 125
110 125
110 125
111 55
111 55
111 55
111 56
111 56
111 56
111 57
111 57
111 57
111 90
111 90
111 90
111 122
111 122
111 122
111 123
111 123
111 123
111 124
111 124
111 124
112 57
112 57
112 57
112 58
112 58
112 58
112 90
112 90
112 90
112 121
112 121
112 121
112 122
112 122
112 122
113 58
113 58
113 58
113 59
113 59
113 59
113 60
113 60
113 60
113 90
113 90
113 90
113 119
113 119
113 119
113 120
113 120
113 120
113 121
113 121
113 121
114 60
114 60
114 60
114 61
114 61
114 61
114 62
114 62
114 62
114 90
114 90
114 90
114 117
114 117
114 117
114 118
114 118
114 118
114 119
114 119
114 119
115 61
115 61
115 61
115 62
115 62
115 62
115 63
115 63
115 63
115 90
115 90
115 90
115 116
115 116
115 116
115 117
115 117
115 117
115 118
115 118
115 118
116 63
116 63
116 63
116 64
116 64
116 64
116 65
116 65
116 65
116 66
116 66
116 66
116 90
116 90
116 90
116 113
116 113
116 113
116 114
116 114
116 114
116 115
116 115
116 115
116 116
116 116
116 116
117 65
117 65
117 65
117 66
117 66
117 66
117 67
117 67
117 67
117 68
117 68
117 68
117 90
117 90
117 90
117 111
117 111
117 111
117 112
117 112
117 112
117 113
117 113
117 113
117 114
117 114
117 114
118 67
118 67
118 67
118 68
118 68
118 68
118 69
118 69
118 69
118 70
118 70
118 70
118 90
118 90
118 90
118 109
118 109
118 109
118 110
118 110
118 110
118 111
118 111
118 111
118 112
118 112
118 112
119 69
119 69
119 69
119 70
119 70
119 70
119 71
119 71
119 71
119 72
119 72
119 72
119 90
119 90
119 90
119 107
119 107
119 107
119 108
119 108
119 108
119 109
119 109
119 109
119 110
119 110
119 110
120 73
120 73
120 73
120 74
120 74
120 74
120 75
120 75
120 75
120 76
120 76
120 76
120 77
120 77
120 77
120 90
120 90
120 90
120 102
120 102
120 102
120 103
120 103
120 103
120 104
120 104
120 104
120 105
120 105
120 105
120 106
120 106
120 106
121 75
121 75
121 75
121 76
121 76
121 76
121 77
121 77
121 77
121 78
121 78
121 78
121 79
121 79
121 79
121 80
121 80
121 80
121 81
121 81
121 81
121 82
121 82
121 82
121 83
121 83
121 83
121 90
121 90
121 90
121 96
121 96
121 96
121 97
121 97
121 97
121 98
121 98
121 98
121 99
121 99
121 99
121 100
121 100
121 100
121 101
121 101
121 101
121 102
121 102
121 102
121 103
121 103
121 103
121 104
121 104
121 104
122 79
122 79
122 79
122 80
122 80
122 80
122 81
122 81
122 81
122 82
122 82
122 82
122 83
122 83
122 83
122 84
122 84
122 84
122 85
122 85
122 85
122 86
122 86
122 86
122 87
122 87
122 87
122 88
122 88
122 88
122 89
122 89
122 89
122 90
122 90
122 90
122 91
122 91
122 91
122 92
122 92
122 92
122 93
122 93
122 93
122 94
122 94
122 94
122 95
122 95
122 95
122 96
122 96
122 96
122 97
122 97
122 97
122 98
122 98
122 98
122 99
122 99
122 99
122 100
122 100
122 100
123 86
123 86
123 86
123 87
123 87
123 87
123 88
123 88
123 88
123 89
123 89
123 89
123 90
123 90
123 90
123 91
123 91
123 91
123 92
123 92
123 92
123 93
123 93
123 93
